-24.5100
-23.5100
-22.5100
-21.5100
-20.5100
-19.5100
-18.5100
-17.5100
-16.5100
-15.5100
-14.5100
-13.5100
-12.5100
-11.5100
-10.5100
-9.5100
-8.5100
-7.5100
-6.5100
-5.5100
-4.5100
-3.5100
-2.5100
-1.5100
-0.5100
0.4900
1.4900
2.4900
3.4900
4.4900
5.4900
6.4900
7.4900
8.4900
9.4900
10.4900
11.4900
12.4900
13.4900
14.4900
15.4900
16.4900
17.4900
18.4900
19.4900
20.4900
21.4900
22.4900
23.4900
24.4900
25.4900
-24.5100
-23.5100
-22.5100
-21.5100
-20.5100
-19.5100
-18.5100
-17.5100
-16.5100
-15.5100
-14.5100
-13.5100
-12.5100
-11.5100
-10.5100
-9.5100
-8.5100
-7.5100
-6.5100
-5.5100
-4.5100
-3.5100
-2.5100
-1.5100
-0.5100
0.4900
1.4900
2.4900
3.4900
4.4900
5.4900
6.4900
7.4900
8.4900
9.4900
10.4900
11.4900
12.4900
13.4900
14.4900
15.4900
16.4900
17.4900
18.4900
19.4900
20.4900
21.4900
22.4900
23.4900
